74,9
74,8
74,7
74,6
74,5
74,4
10,92
74,3
74,1
73,3
10,266
10,116
73,2
73,1
71,5
71,4
71,3
10,230
71,2
71,1
71,0
70,4
70,3
10,258
70,2
70,1
10,172
69,2
10,254
10,2
10,3
68,2
63,6
63,4
63,3
11,29
11,5
11,10
63,2
63,1
62,2
61,9
61,8
61,7
61,6
61,4
9,6
9,4
61,2
61,1
61,0
60,4
60,3
60,1
59,4
8,12
8,18
8,13
8,4
8,9
8,16
8,5
8,6
59,2
59,1
58,3
58,1
57,3
57,2
57,1
56,2
54,4
54,2
54,1
53,5
53,4
53,3
53,2
53,1
52,9
52,8
52,7
52,5
52,4
52,3
52,2
52,1
38,3
38,1
37,2
36,6
36,5
36,3
36,1
30,9
30,8
30,7
30,6
30,5
30,4
30,3
30,1
20,3
20,2
20,1
19,3
19,2
19,1
14,65
14,64
14,13
14,12
14,11
14,2
14,0
12,3
12,2
12,1
11,30
11,28
11,27
11,25
11,24
11,23
11,22
11,20
11,19
11,18
11,16
